60
(
(0.0 ((0.866000 0.000000 0.500000)(0.000000 1.000000 0.000000)(-0.500000 0.000000 0.866000)))
(0.1 ((0.882760 -0.000000 0.469778)(-0.000000 1.000000 0.000001)(-0.469778 -0.000001 0.882760)))
(0.2 ((0.898618 0.000000 0.438681)(-0.000001 1.000000 0.000003)(-0.438681 -0.000003 0.898618)))
(0.3 ((0.913381 0.000000 0.407050)(-0.000003 1.000000 0.000006)(-0.407050 -0.000007 0.913381)))
(0.4 ((0.927031 0.000000 0.374925)(-0.000005 1.000000 0.000011)(-0.374925 -0.000012 0.927031)))
(0.5 ((0.939551 0.000001 0.342344)(-0.000007 1.000000 0.000017)(-0.342344 -0.000019 0.939551)))
(0.6 ((0.950926 0.000002 0.309348)(-0.000010 1.000000 0.000025)(-0.309348 -0.000027 0.950926)))
(0.7 ((0.961142 0.000003 0.275977)(-0.000013 1.000000 0.000035)(-0.275977 -0.000037 0.961142)))
(0.8 ((0.970185 0.000004 0.242272)(-0.000016 1.000000 0.000046)(-0.242272 -0.000049 0.970185)))
(0.9 ((0.978048 0.000006 0.208275)(-0.000019 1.000000 0.000059)(-0.208275 -0.000062 0.978048)))
(1.0 ((0.984718 0.000009 0.174027)(-0.000022 1.000000 0.000074)(-0.174027 -0.000076 0.984718)))
(1.1 ((0.990238 0.000012 0.139226)(-0.000025 1.000000 0.000090)(-0.139226 -0.000093 0.990238)))
(1.2 ((0.994528 0.000016 0.104259)(-0.000027 1.000000 0.000108)(-0.104259 -0.000110 0.994528)))
(1.3 ((0.997582 0.000020 0.069170)(-0.000029 1.000000 0.000128)(-0.069170 -0.000130 0.997582)))
(1.4 ((0.999400 0.000024 0.034008)(-0.000029 1.000000 0.000151)(-0.034008 -0.000152 0.999400)))
(1.5 ((0.999977 0.000028 -0.001183)(-0.000028 1.000000 0.000175)(0.001183 -0.000175 0.999977)))
(1.6 ((0.999317 0.000033 -0.036356)(-0.000025 1.000000 0.000202)(0.036356 -0.000201 0.999317)))
(1.7 ((0.997421 0.000037 -0.071463)(-0.000020 1.000000 0.000232)(0.071463 -0.000229 0.997421)))
(1.8 ((0.994295 0.000040 -0.106457)(-0.000012 1.000000 0.000264)(0.106457 -0.000261 0.994295)))
(1.9 ((0.989946 0.000043 -0.141292)(-0.000001 1.000000 0.000299)(0.141292 -0.000296 0.989946)))
(2.0 ((0.984382 0.000046 -0.175921)(0.000014 1.000000 0.000337)(0.175921 -0.000335 0.984382)))
(2.1 ((0.977624 0.000043 -0.210257)(0.000038 1.000000 0.000381)(0.210257 -0.000380 0.977624)))
(2.2 ((0.969701 0.000030 -0.244204)(0.000078 1.000000 0.000431)(0.244204 -0.000437 0.969701)))
(2.3 ((0.960645 0.000006 -0.277698)(0.000136 1.000000 0.000490)(0.277698 -0.000508 0.960645)))
(2.4 ((0.950483 -0.000030 -0.310707)(0.000213 1.000000 0.000556)(0.310707 -0.000595 0.950483)))
(2.5 ((0.939240 -0.000074 -0.343198)(0.000309 1.000000 0.000629)(0.343198 -0.000697 0.939240)))
(2.6 ((0.926949 -0.000129 -0.375127)(0.000426 1.000000 0.000709)(0.375127 -0.000817 0.926949)))
(2.7 ((0.913642 -0.000193 -0.406466)(0.000565 1.000000 0.000794)(0.406465 -0.000956 0.913642)))
(2.8 ((0.899325 -0.000257 -0.437231)(0.000714 0.999999 0.000882)(0.437230 -0.001106 0.899325)))
(2.9 ((0.884020 -0.000318 -0.467402)(0.000871 0.999999 0.000967)(0.467401 -0.001262 0.884020)))
(3.0 ((0.867742 -0.000386 -0.496971)(0.001042 0.999999 0.001043)(0.496970 -0.001423 0.867741)))
(3.1 ((0.850582 -0.000452 -0.525800)(0.001232 0.999999 0.001133)(0.525799 -0.001612 0.850581)))
(3.2 ((0.832633 -0.000535 -0.553785)(0.001456 0.999998 0.001222)(0.553784 -0.001824 0.832632)))
(3.3 ((0.813603 -0.000578 -0.581383)(0.001639 0.999998 0.001300)(0.581381 -0.002011 0.813602)))
(3.4 ((0.793220 -0.000614 -0.608899)(0.001775 0.999998 0.001303)(0.608897 -0.002114 0.793219)))
(3.5 ((0.771664 -0.000692 -0.635995)(0.001895 0.999997 0.001210)(0.635993 -0.002139 0.771664)))
(3.6 ((0.748880 -0.000778 -0.662672)(0.001971 0.999998 0.001054)(0.662669 -0.002096 0.748879)))
(3.7 ((0.725410 -0.000811 -0.688285)(0.002036 0.999997 0.000968)(0.688283 -0.002104 0.725410)))
(3.8 ((0.701868 -0.000690 -0.712277)(0.002124 0.999997 0.001124)(0.712274 -0.002302 0.701867)))
(3.9 ((0.677935 -0.000466 -0.735092)(0.002182 0.999997 0.001378)(0.735089 -0.002538 0.677934)))
(4.0 ((0.652140 -0.000060 -0.758069)(0.001888 0.999997 0.001545)(0.758066 -0.002439 0.652139)))
(4.1 ((0.623848 0.000267 -0.781518)(0.001405 0.999998 0.001463)(0.781516 -0.002011 0.623847)))
(4.2 ((0.593589 0.000268 -0.804741)(0.000993 0.999999 0.001065)(0.804740 -0.001432 0.593589)))
(4.3 ((0.561655 0.000275 -0.827345)(0.000477 1.000000 0.000656)(0.827345 -0.000763 0.561655)))
(4.4 ((0.528376 0.000599 -0.848984)(-0.000290 1.000000 0.000524)(0.848985 -0.000031 0.528376)))
(4.5 ((0.494045 0.001160 -0.869410)(-0.001262 0.999999 0.000617)(0.869410 0.000792 0.494046)))
(4.6 ((0.458790 0.001849 -0.888518)(-0.002318 0.999997 0.000884)(0.888517 0.001654 0.458793)))
(4.7 ((0.423029 0.002536 -0.906089)(-0.003363 0.999994 0.001229)(0.906086 0.002527 0.423034)))
(4.8 ((0.387188 0.003086 -0.921971)(-0.004279 0.999990 0.001551)(0.921967 0.003344 0.387198)))
(4.9 ((0.351568 0.003426 -0.936133)(-0.005008 0.999986 0.001778)(0.936126 0.004064 0.351580)))
(5.0 ((0.316233 0.003581 -0.948652)(-0.005574 0.999983 0.001917)(0.948642 0.004682 0.316247)))
(5.1 ((0.281131 0.003591 -0.959640)(-0.006012 0.999980 0.001981)(0.959628 0.005212 0.281147)))
(5.2 ((0.246054 0.003571 -0.969227)(-0.006415 0.999977 0.002056)(0.969213 0.005712 0.246071)))
(5.3 ((0.210831 0.003525 -0.977494)(-0.006815 0.999974 0.002136)(0.977476 0.006212 0.210849)))
(5.4 ((0.175282 0.003375 -0.984490)(-0.007210 0.999972 0.002144)(0.984470 0.006722 0.175301)))
(5.5 ((0.139286 0.003059 -0.990226)(-0.007612 0.999969 0.002018)(0.990201 0.007257 0.139305)))
(5.6 ((0.102800 0.002570 -0.994676)(-0.008017 0.999966 0.001755)(0.994648 0.007795 0.102817)))
(5.7 ((0.065792 0.002000 -0.997809)(-0.008486 0.999963 0.001444)(0.997775 0.008373 0.065806)))
(5.8 ((0.028281 0.001418 -0.999577)(-0.009065 0.999958 0.001162)(0.999537 0.009029 0.028293)))
(5.9 ((-0.009651 0.000802 -0.999931)(-0.009747 0.999952 0.000896)(0.999884 0.009756 -0.009643)))
)